265763871703171074
263336168072937472
253950481926193153
701175049138339920
544152386139193347
745191256606638150
897441778121203782
740292676057956443
823900392843771954
808981314786820116
710900524462899201
688753361444405260
733307820333858816
744517782183477290
765585689147342908
765585689147342908
847050434266136576
752906196184203284
828604402411110400
805937398948823061
820284767039782913
823164332207505419
810457144032886784
723793344630882405
786218782501896252
773136308189134858
897441778121203782
556752117667332107
850363148108431380
566264186896777220
891312800109064252
808615284914782239
696695266316648460
769974099672825886
753353762160246845
760160104267513937
775838647144153119
764504173277347861
827560648380645397
689039949298794622
473777257391980545
887687838232109056
713471414266626119
808587845752193024
804691771753103390
650804469243707392
723202106160447499
829759824072933426
813005692981870603
797506753427275787
749967453290758244
696108737114538015
740292676057956443
808948273074536518
791051089290067989
684090724714545167
779373358562279426
844511249094148097
798994084013408266
898952232647667742
915491995563200573
265763871703171074
253920554459856897
621045388845121546
707015885465976853
598590487863099403
442268828332982272
848669080905842698
510891451194933249
686888084612186287
382935970493890562
521074810571194369
816222684261908481
862812812290949161
809158297248464976
785546530253570078
774257625805488128
911265577790767104
889155913305436161
899213151831216150
819778342818414632
235148962103951360
302050872383242240
282859044593598464
458276816071950337
557628352828014614
330416853971107840
247283454440374274
834482714249003041
781942047757959169
542778911252021298
764381277352493107
774686410934321223
764429295170355200
763843648684163102
620609195930288131
213674767230828544
739814486822879312
581811285205712937
538381387535745036
564392417596407814
654776342268739634
266552678363037696
836848940166283304
490508941856473109
856608324253384704
204524897291075584
798584441173835797
685172217687834671
788017977714933772
770169321077866496
885845160439721994
816768399442051073
809827975108755466
831503905098563665
632897815969792008
853619602605211668
785428394690347008
463257121589297152
887020638315905075
523874386436947968
915019790014365727
449285942302212097
675682753144160258
823885785630507036
863063181291028480
528508753432281089
357609289889742858
346718792430125057
861220487873691699
723832788867874827
908343430768386099
889919394027823194
846370972063891516
760155092095205426
735535264084000859
799325238365388810
405405454068482048
609785782701391911
785581374509809766
681549346415837236
899166353141944330
881262009855922227
689191438998962224
891445041837522956
769153435358068756
777264701334880259
815633191561986068
357609289889742858
690107975310114873
701175049138339920
694198882317369455
265763871703171074
838745829954682950
429235152711974922
630119793466277898
821299198460166144
404714388365377546
803264816671096842
899033594595516456
801165130850762772
795945381598330880
640636526799224852
769308885500559401
323894001621139456
771683770914177024
590945213359325197
542087256454856706
789435486984732674
595567148089212928
709453977560940714
598485187050864662
449502041245483018
352140959129010196
318036381006037004
539917276963668004
256488342969909258
899558300432076861
418150587885027340
450990927033401344
205030891079073793
810626123766693938
266259273208561670
881198700511236127
499962137276448778
548941960740601856
902783338513842187
915638067048615966
225775325538287618
864905213377642506
537872783871442954
709798809886130357
191274764248154112
404996506614235151
820693749393784842
393354455195844608
818441823608897546
269563487389351936
495673366041329674
351665031295008768
349131770827898882
838288304398663700
360473768633565194
797059749819842572
801384675326296094
314533684936048641
491617931566907427
355375531107287040
794544470095167498
897745001990197269
744568255401951265
309651716024958976
904495587112669195
689425016865161295
703304236229984308
330726339831398402
910172751296352287
428264630423388180
755013123794272297
457995120428580874
352754884245716993
257054956090032129
403095426879717377
407184074441228289
239052013613088779
690715724292948070
778262623107678208
698879436975767623
775691826954764289
899877693380788225
807562646626107403
778366034368659466
166571627780374528
236544974668300288
503618778760740864
874617473545146398
464833879384260631
755524308473741344
224047383951048706
781942047757959169
572035278064058398
860469084884959252
495271529391587328
688828570289700902
256186520971640842
141977438698733568
688692316348874787
577082773592866826
751136745008922654
510936418508341249
576132366070972418
738664598865182751
363370678952656898
812316119200563221
791706734048968725
621352137317679124
724720034236071987
438782131796443147
295584081629151233
263998677549318145
707945769533177876
447751156957970432
807181016187404308
717289857961033729
480422208779321366
716000374426828890
412216901415075840
474153447550353408
270165980590637056
788096610499297311
708038968985387049
881645812256493609
406430851920953355
765642375426736130
688811469915422730
454231244096536577
683765864243527783
614197287710621709
507297884237070366
279963537223319553
528861744358227968
437808476106784770
159985870458322944
768268608639598624
818570692847992902
819778342818414632
235148962103951360
467377486141980682
155149108183695360
302050872383242240
294882584201003009
720351927581278219
270904126974590976
458276816071950337
375805687529209857
793866179847651358
587751782936084611
631168107016355863
465213861730189333
649294799551201332
782306734336507966
546234453509275672
434991538867535890
826477050529185823
814575255623827517
902912426759036938
899340114029850684
398919146894524426
344236845787381762
418350424626561024
110785135992926208
513308178046386196
497464345404506133
546452741946605578
881149845396656190
461218541438500876
587994638804189205
661217244428369960
728590894282047508
888419277634437131
907906962740613150
712642523755184201
651155445293252608
328968381397073921
741010724813406329
672018808952848386
373775302066831360
885845160439721994
458680679195082762
515584794172719105
547089057730002954
454341195745853463
852692910028750950
497451646654087179
473812834845851648
906975727507873853
536630803027722240
594752122885767227
821119223010951241
623184770108620810
770735480412176454
704220278477291551
464383472560111627
617443118299480067
340834253379993602
696740494910160906
319514372772855811
867518631075512340
496381193911140363
407212413973168138
561224121955123200
712628434135810049
213674767230828544
690092260158865459
691572378626555917
558728505878380554
861166352096952331
799919689424961546
523556995836674060
611641477453447180
228920681650192384
725025023273730054
769636442614792212
545970967349035011
687354011376025676
493080653806698497
598590487863099403
870078974670274560
518416687117369365
745341383266533487
484447309061423115
689211434625663093
435817900180242446
381172031250759680
797453670953517066
645663601889116168
474183123957973023
119786441592143876
270959709991731202
361522343719206912
875651901931266070
881835425164038144
875000880229929030
454303726220476417
508243085206224897
591630769315643403
621447907563798555
839925621638823997
892155214319202375
760504313780240424
448467461415763982
339850438394249217
878379656737345557
720692673085964405
533367665272553483
556900929283293185
72335883159740416
397452196716740609
435458693274927104
823505991391641631
697061426703106089
537545378673721344
653975104195264513
427467916141920258
376752756456947715
443111561356378115
848007707356823603
381433743656615936
268299443302825985
683597922788442113
356501622026928139
131842070297051136
303535239458979840
418451326012489729
643178492615327758
282859044593598464
200540441379078144
668854225945755704
766006161605787660
453601680156655626
607700118472228931
747021919286722651
692029213997269033
673219278220165120
800816791206101033
266881605358845952
618161509813583872
740586251794776116
279341998987542528
683679124673527844
387929095197032458
418118067273596939
579370874193444865
545235189287354374
768511090660999178
840342427083735063
359997105194139649
471781747357646868
753218797397344358
754332928288489572
642449596684959747
725095724035080212
248542453974433792
348538775372300289
902085567649562644
404584781234307079
544454450027167744
278633446979534849
618438230089531392
457229005037371392
714502019259301948
689025094961332225
831546331230109736
349940819215777794
535850891857756162
900860819116544022
724192036701601793
810948529178542192
825125697982300200
266552678363037696
406893284963647508
394594756832919552
898952232647667742
729435765657829458
271447495958200321
698274788438704149
107118384813977600
651108325848645714
521696112768450560
831077516366184448
715600724360298497
886145457234014208
564384568535154698
834449229384646666
889248287780110386
696394700558696550
675049103855452189
353616537271271427
423503626154147840
445159232556498945
600358245542133791
268378551030513674
662681724857221170
532960349440442388
621045388845121546
705421927329693726
732918420194066494
676467279340503090
543148101737644034
374195485931733000
503645698085093403
707015885465976853
267664503418781696
374279645236953103
243448618420404234
689118776905695254
785977925475500062
633664587165859860
356501622026928139
699166499876765758
853343739829026846
394875242499145739
419595230300602368
474111099885715458
562711548846407690
395923976314159124
601294500337287168
886255447596740678
436952751151251486
488761084577316864
435137798467616768
303996498125783050
448453529259212803
141977438698733568
860277194416062504
673318044461694997
699724386629845092
495673366041329674
345685506220228609
266634215079018496
778675968327548930
686888084612186287
760155092095205426
845694881494073375
878564490646544404
788536416815546408
309026602287890432
593007291780038666
690107975310114873
797059749819842572
778262623107678208
853363736060624927
707986400145965087
771024696543281192
766007052472287242
742328556419284992
796802616909889536
843224159701565530
711175078716637244
737050058016686230
741236333342621710
608968394628399114
752428272951754782
679577214391681044
740895058206654495
384334253548371968
871862553897205792
693098317487538227
375692324547854346
723854968372592740
425605400235343872
815188223478202439
609138269288136713
458246860788727829
442268828332982272
328946769176297494
371200108219465729
393354455195844608
832215304498577468
789285883081261077
261198299569061891
533769062774472717
613509098192896052
504006407540965396
645358289546117160
356438382756495380
266548553747267584
427545915595685898
568511500533366784
517403275755126813
510891451194933249
894980995164549221
407212413973168138
457822963430064128
150296214766616576
531533866272555031
225546784628408320
870706091665805333
449846404010213377
242272061081387009
852857009795235880
165813714392449024
239052013613088779
670708193432829956
379737132253708299
431528742716964865
314857177745719307
265763871703171074
915019790014365727
386353757769695242
581811285205712937
349518264289722372
430099320461721601
594999277890043950
781942047757959169
690482787421257738
545344416848543755
283326219800543232
792013717079851048
380042493045112834
611843212302090261
696518713465372673
704018654186176624
496033339707490314
623111726954577930
255256924990210051
598590487863099403
253920554459856897
510835188947746825
457934333244735498
898952232647667742
402872156167471115
345514551246323712
635567303311884355
792391051196629022
675049103855452189
527167826411257872
454231244096536577
685249853772660779
397083688434663451
803528439223156787
511268620198739980
802182888480702474
185476724627210241
656621136808902656
235148962103951360
270904126974590976
302050872383242240
155149108183695360
698117737175580692
487328045275938828
294882584201003009
159985870458322944
432610292342587392
402528814548254720
282859044593598464
458276816071950337
375805687529209857
557628352828014614
715906723982082139
228537642583588864
536991182035746816
416358583220043796
204255221017214977
247283454440374274
774776566218752040
805020857315098645
916353455998779393
558309859800514582
606848908236292098
673067693502627850
687319016741666857
266259273208561670
407584701826465805
852784537154486322
703262116693672039
683725747126403099
239473130660298752
531142142203002883
456685184973275147
835425337189203999
587591356499623936
820693749393784842
731481342335778887
539175228849520690
343324624173531136
517950095669329931
898968219971354714
300626168212881409
700261416225210379
224982984040644608
295099948909854720
263311159812161536
690969167981183019
710889949326737408
422347210634690561
885845160439721994
218400964321869825
474098325520515076
662583608879611916
247107296482689024
225900881483268116
326669782147399681
409845107936722946
491617931566907427
273131117245235201
473588155354710046
649294799551201332
635392107736989726
351760831580471310
861166352096952331
527617031218921475
736132506952269847
703300230116016272
870078974670274560
386449244745105408
580310278902906881
763135199609356319
436113592195088386
672870587189690379
601006978730295318
568013488396566539
732157745054089267
852662986778869811
791521164195135509
405758936470388758
791278125836140554
440185681852235791
598490236926033960
864905846512812062
679426654732419074
466998517559328769
641298058952310813
390613051721777152
916404230150037545
912424075069128795
689415220984283178
693754882502557737
443111561356378115
445639993202049034
178835672956796928
907040186012172329
269825159228162048
528249930243112961
710380498308038678
714485370821017621
648549120231079936
808850090671865906
403599745957888000
834130986451075102
652226149790777374
692029213997269033
399358160827187221
545235189287354374
877156001428672552
474110299964702723
840342427083735063
643784187522056192
252221193850060800
181859745081196544
807090909476814899
865634477844725790
777971504632823837
305030972913483778
714502019259301948
190172606249435136
399290243519479812
194130144124731393
724192036701601793
360061762407628802
474151416542265365
679419035905163326
244126500331192329
406012544302448643
828874545142169601
816559190050865195
729001266063081605
841965158477332521
633023095673716736
889248287780110386
763013026315894785
774314804193656842
801563065991561216
552471295678218250
374284763252654090
630709462013050880
445159232556498945
685563838455742515
669972814845181972
449871106921201676
544843207268237322
644963009248231444
481104081826480129
496043397581242369
785581374509809766
483666241886879744
763835251251871774
906856527523115048
753614271778127962
853030946671427604
307032113180573696
891445041837522956
897828960342257725
435591455546015744
748523361352548372
704712156104491158
518441217449787393
539401411331489792
863768298340876308
636221141111013376
811622766872231947
735596034671116319
822936004888625213
836346624035782666
840636233725116477
688024646729072655
786176329761423411
812466885572296715
544152386139193347
804822888711454740
886374325492547604
694634635065294889
745572241940414524
750732924105785374
552143040685277186
771032122307379231
308617611795628043
907418653140598854
840570810670383114
899012509284057159
813342698660298762
534387642041892874
457853757041147904
530465547234705431
847888373230075906
161563240621539328
860469111242883082
817038493666246746
559522364044607508
589474505575890958
911229250307260476
286557252624580609
714795766635561030
243043961810321408
691718681624969240
216991816216608768
900392162078900254
286174265403768833
452876332179652618
393433249348845568
795432204183535637
646068743570456615
860172903898021928
899293529220739093
894331659388870677
232163023303737357
408221063860846604
525745962958848005
758671359801819136
353307337588736003
576053739606114316
765292533831303188
318088336365322241
853706676976484362
853747652138369044
832023138489335870
816338791072530482
651459139930947604
833694050951495732
715640570273595454
780909340890497025
366475797151744010
896731090088239154
872424219873529906
833118111153651753
840136953084641281
745191256606638150
894599427711451177
905493324637565050
692720923484356688
199528803226091521
823671512920883271
771078394736803841
799386500529651753
575193057713192989
733299867857846273
264177422151188480
898605754020425798
365530861447151619
397845817035063316
693098029108035644
521261707688017938
316220012664979468
739894664706129922
542424046269104129
490884868214095872
484082216867987459
864300656755998781
881586688646856764
703721220448714873
597504943783673857
823617559977918466
404323250747867136
891741212246171679
893880498961674260
658408947589578782
256066654574870528
434066852029792256
838063382321692743
149441378785558528
621952584877473803
349565649292623873
786667428795908126
690863516097445958
876234119913279529
740467940457185311
857628047812329482
564893930215178240
738312335059452004
648292518529597466
821336586850533386
791606580679802892
469446203357265930
780469240545280041
847508130489434170
373434619808317441
201797058997387265
883369215317405737
909513184346529812
456036892564258816
803146434933161995
762357485297860673
807350881640513546
824767758658699284
444949601280196618
679450818260500498
694906886994001943
740482260972863551
775061274790199296
899019356061708319
590616109540179988
693150875530821683
452198552592973825
684006604936708110
435820215863869471
808471637342814219
470921574036275220
818160150668902400
696030165033156619
674558798148403200
587351558199705651
725263695730573355
793921602026733629
596463556900421632
825806013538107424
686549664778289187
776029459386990662
759422744873402379
237290806241787905
898630549780963329
682590880317964293
702253040102801468
642304013072596995
651848827447541760
463551463101300737
303397889588199427
459716723202064404
646801683137167360
758008145137369098
705904820544077924
797915844486365184
297374048713834506
812307706387497012
541719876033576975
799584004386979860
835531901506158623
538488965993463833
681160563157762070
310752187565211648
905775571697553448
689124548851138560
299901293198180353
281510767449079810
316713422962163712
389095484624470016
896473317039558696
514799867936243723
253975707573682182
576073921850245141
860209343516901396
281601780339441674
474176712629026816
474103826236964874
912388617270333443
730495955413237792
224298896522739712
710050680009916457
790961473190494229
326650860249546752
889176737932509236
899979802449154088
795677848987631659
539126880683556864
656850870138437662
468908953867255825
701518190492254329
813317239612243968
824654767548661861
565205542465961994
906941669163827272
676516245327052810
274808368936386560
791340935819952128
388969691520958474
891863687772651541
629232794333347840
881683197748977715
788822225683480616
283210039815176202
635040738626895873
309046168829034506
727493371727446039
713753702275743784
806857122905325569
581139330295136263
706817002320166982
523848816353476618
440774134763618315
812743205992136712
287578337696808961
261930029326401538
741030087834730496
642796535205068830
467408220806184961
544193306431717376
532838873143705601
689039949298794622
461054609486774275
912599404240834570
903957844838191164
723457328418127872
652107987795705886
409479522333753371
360386121588408320
613814536843165879
790683850782146610
375723931094745088
389821163993432074
474252542709202955
366376825657753601
844246970277167134
828036670195499008
454232178994184192
689356819197722684
796835625688629280
695395208019443783
750704033878245406
626743796163411978
508322802135203840
276778143015239691
578221394626740248
910589741563523073
556752117667332107
897441778121203782
393673098441785349
913531947559571516
277811979199053834
827210953200238674
449267157033811970
724049877520089278
769283738135035935
657581611927339008
691363476542717953
600825347218472970
538760189231366166
788906308476731402
410095677176020994
268805962091986944
288020129156038667
643859763385335809
783336247267426335
828622731766792213
527937526938468362
659127013570773022
695969732590960700
520978929281007617
346695125663088650
760942507788861550
684855310107934830
816759890600263770
813042042170769488
782965216157499423
400690158921318420
758011968782074006
721493342889705474
623238369555513355
834120106538696775
709859104583188581
905396648899903559
906222316252434462
801049770294640672
765815845167300628
423553163086266369
786607552007766017
816781322701635614
777206093519519744
827969169404067860
670695183549202432
854408419892527104
796798695819444234
783763062065725503
457856270943256576
796072030491377674
748456230741344356
324589025954365450
395637482038755328
691905353939681310
662367640655888397
325348767845056516
801712245611692052
796725410829172736
536256164812423219
803374761027043339
857941284227252224
793205882946584586
816222684261908481
375661643079876609
485312644098686988
413065404554936320
327877818417676300
912042461885501452
474221472949207053
574339441607442442
773943189924085800
516610301823811594
516492742285590538
444140676985257994
796226451027918878
406173274007928842
851090254025850920
853980418897870860
763446915332571196
894217524634329098
823248498564661260
786606017097105408
790987660311003166
593202761751855127
702793139215138857
821796702700830720
689025767178502191
757368957492527164
852917603764142130
853327947426693201
609138269288136713
755163362400403507
527617031218921475
707976450094923906
206124607747522560
448453529259212803
379737132253708299
415951971766370324
184662612557037568
510537948211707916
274632066388197387
750732924105785374
781213916797599745
177516221284089858
440528240961126400
533758003585875997
293502654422843393
549168824839307264
677463156854882315
157505801605349376
466293778286772235
212980804115103754
843508587292262431
195087593338044417
442239490183135232
150536858701529088
319479811871473665
360407069259464706
331099767440539657
533605006478147584
141006968704860170
263015035847180299
308376890752892939
202850682724679681
285006583182786560
474193988518412288
754395347991789598
307823863918624768
313051219960528899
270836527070838784
202510440687861761
345328165327208450
225310058177757184
282258338270543874
218086388132741122
700417116792160376
384041569894006784
302477395469008896
267935710282121217
593007291780038666
769308885500559401
578145477128749056
588679886487552010
771078394736803841
769153435358068756
392341773781041152
687319016741666857
840636233725116477
823116640438321173
474183535167668224
689211434625663093
799730766346453053
698052120922030111
582783107174760463
387294923583651840
773822135130128405
745740616603926611
500350316131254283
707986400145965087
778544526495186956
579046387921190918
777971504632823837
745006998663200860
690715724292948070
798576198007259157
702253040102801468
683001260466896937
876922380398788658
403159111036043266
307871629986365444
694603150669119579
217671517750820866
656111217353555969
555434876996943904
262629235187908629
668854225945755704
742328556419284992
475024004168548353
796802616909889536
678255585900363787
765815845167300628
760575761164927017
766007052472287242
491967321166970904
477797438174920736
772086024645509140
801563065991561216
847888373230075906
532643751449985040
122416822791176192
720692673085964405
723641904255729685
504258145598701579
679577214391681044
774257625805488128
413065404554936320
791023290901856256
699166499876765758
469611173654822912
376442228861566976
662013234219450389
750753238638133260
512258757292457995
513119288358600739
427857017755926531
661289882127302733
405448631089496064
621997775713861632
529593323812290562
223054442151280640
301662772947582976
568862075284226068
215125960532426752
422018114192932866
418082901310308352
857465884528082965
693946154895015966
364802099558613003
772757345394098178
265214223540420609
433992699939520512
160835705101090816
507267794979520524
465213861730189333
266186112542834688
294195221544173569
612969199740125186
630709143660920843
862812812290949161
484332644763697183
853030946671427604
260036438215622656
744336633393971261
610736068278353960
254703537966022657
358252682361962498
852871615913525249
896336627557859338
891445041837522956
697048817429774366
565590938836140052
142335535577432064
842812641286160467
391153313749663744
909776052824465478
912024631676919828
350249260614287361
193447762291982337
700357589774368848
834482714249003041
853143288046288907
598761027001253889
244767552960462859
269780964635312128
365834207290720256
498925244308783126
434991538867535890
433702835452903425
418146432432734208
363655613529456640
245128294972784640
409072852113817600
824545816877334588
418501771430854666
457259601612767252
700249713718460426
688024646729072655
869228508285632632
445261973538471948
721664990729469953
600784005893324802
418150587885027340
169511905411465216
707882963135889448
850061102980137000
162220573567483904
749389357072384070
209640912043769856
132911868086845440
145508554424582144
205241363682295808
596078860009734156
287255675350810634
783428477961371650
207221735555072001
406157111576231936
811720564645167134
401819746636398593
552167954276679687
643795159070408735
323894001621139456
392800942954905610
676865648579837974
775251692060672059
121577976340021248
878987672104886322
525755760722968580
728485508426104842
664514719117213776
312147726362214411
907418653140598854
574302600917417986
334154905390546945
230366132413005825
635839185655169055
571410774744891402
179302522392018944
400045726832525313
722048261153620018
486128645010751499
809158297248464976
724747086423130162
425373850675576839
702388949624029256
120423806157193216
651496819368394753
420984332115509268
212167060652818432
540283421646127114
750810900197277709
837369268081262646
688488807108182088
900065656614060103
472376889890045952
819682680455036968
766778025223520326
713826007873749022
413361681448697868
548941960740601856
371200108219465729
487275969850245122
836487234155708416
578451218100125707
449256086646685746
286174265403768833
110785135992926208
785225069303038032
591259964102672384
740481783245701120
277141431800299520
381170957919715328
263673565939761152
546093738997579806
439432691364921346
450430533382701057
402544223779291158
474148259028402186
474109806609956874
769485402083295252
325709466538606612
780527126964207636
199166337862467584
205238581088747521
771746313192603699
384751093193637890
441595688480931842
597717296156508162
525245994623959040
248806771089473537
696106476313247905
699304589874167848
525040198959235072
894331659388870677
529081095946371072
902558094977015858
810493651742359552
685783064902631434
650036349293953084
587591356499623936
266957910272114689
191274764248154112
212755691012620298
410923873002061824
271277688289886210
897575413025505324
852892152186667038
303940260268867586
432869284151164938
791754813724426300
250633396747763712
393354455195844608
119527552464322566
462188962618933258
378599146434723852
756778163933151322
353183984253009930
786584957568942090
825011098007896064
728590894282047508
171710440991096832
797918412159713350
835947396495966209
574221836032802851
178223344540319744
356715484097413121
872513349093572628
676117243108786211
204534646367584257
200270837041987584
180022935497605120
455053759437865000
803985704689598514
523195902735810563
621807840142557196
280736780406358017
790568903230357547
748968986850492426
756767337537077389
362022797788184576
443080037176967179
317859066602848276
495673366041329674
787418222898315304
273780182647570434
467734668687441940
418839114431987723
302464974692024320
384713114001735680
292035794422595585
211645319920877568
224982984040644608
399284279521312770
285448918807085056
537401422728134671
745191256606638150
623167912106131456
809026795307401226
806636790949609483
810948529178542192
550690998003695626
432122828159057920
890520237882105906
468866369782415360
474164183458643988
682311585363918899
422347210634690561
497022637004816385
357070903315660800
520655410206736387
333676135256948746
375932952267456512
278798730998579210
579758902414147615
853230667234803713
269188531304398858
289820108216336384
681393804980518932
454341195745853463
474182016921894912
692720923484356688
791042547869810729
785145511203176448
416522197201584129
685859037639999488
428255792983048193
768064228044832768
557249381682774055
406096312627494912
226323908691755009
350721050385973248
613509098192896052
615962966801776640
787023418054672404
345685506220228609
436975978892492801
185029626316193793
522457903001763861
752877968220749856
570365199291514910
424566241051803669
363770266037387286
226805258116923392
756573279539560499
549553470051713055
519574593019707396
255064446278303747
489520396694192128
317028690284380161
339735849124102144
352880807754334228
747180408768299008
210546702908784640
655332721370857472
486437699125903380
299940806138134529
321552709956141056
245283404411699200
843132698682982401
791359432142618645
616247574432579595
358698527054102548
596959773631578113
804381938546769930
838433774554841129
197001714686099456
784091985270276106
826444402607783946
534366280585707520
480728192693567488
710113319943405629
326669782147399681
193267732026884096
386175885029670912
739814486822879312
910973088005496903
784310877007380491
798232984033427497
414172871875887105
431528742716964865
590559673048891440
841226542167228437
502145441803141121
249415777168392193
655868383727976480
414052760535826452
203488252123021312
203945142267150336
398527847993442315
618747050552590356
409785750792699904
712033030398541973
165763490085076992
287229295108161548
214814168925208587
584410973595762690
555777869381500928
905823620884987925
199062641434558464
109373256741453824
324537136978067456
649294799551201332
512014853540544520
751694289767235618
402041731744399361
546012399010971667
692743806176722944
807225571410182145
280734087436828673
705015317054750792
347754212979113984
252093175076880385
329320237897875456
647092274995527701
504233473633026048
552178322310823937
382967791734489108
238706969949634560
401807383334092801
637671111798292480
703331804811362476
690863516097445958
500994097763581952
682235165409411098
345626114296905729
414077257368469524
809827975108755466
331708845694910464
397684492527206400
880390890802257970
565934036791590912
264036492509315073
736578581022638082
407212413973168138
781997296946118696
737739443988856864
274277605275074561
337910836540473344
844457520500047913
818223740001058899
780814971764080661
526536321561395200
505705199189491712
394153068826198017
247681056189186048
561224121955123200
429254947830235138
259772215812292608
253391342745419778
905891035710894191
685997351131021342
689785918948638754
210751424311721984
243795801950781450
267664503418781696
772886236439773206
760201429796782161
568501520849698816
651847993431031810
589863707396276243
346612309755559947
555844695360667650
330227754287104001
307959089114251265
845905958622462004
607153916026814475
735569535368691732
518882221931757569
356674337962721280
431772906301816843
547106037337948170
404765762453110784
797494723778445343
847034653545988148
557952881895145482
756290062777581688
253260990903222272
456036892564258816
826012211498975232
813818682966016030
792830545762713620
148937218264793088
220772382011424769
759335932523446273
283309617575100418
685865838129184785
444092717652377603
168753121651064832
429609831540850690
776732450675884032
192336844468387840
428220477920641024
635375292571189278
295984361285877760
474164013140410368
351779295615778816
572090552741265438
429527419729346572
474171056987439125
511233182448877568
793518154928226324
266996226484994070
596091537478385676
395247036502507523
285051559245643776
537972690720391169
309711092488339457
447782294988521472
773268824539267073
821756385787379782
455308681983295488
662656754504564780
313289221215354880
286829330649186315
228637058619408385
723284423323287662
291243812385193984
353685816347852802
787333336175607818
821853325947306026
417386583428169729
549919448459378688
522052777019703306
709754688647462973
575185090280423434
570539649928527872
510472319920242708
821654733625622528
724387490915418194
902783353244246016
831123952897622036
480108087101882389
705350491755774002
641731254705717248
673871714031239198
492662870920790046
140157885895147521
534095442221334587
447006937490391041
474339733791834112
543438695764590593
143093375338283008
365429888766967808
637675202624618526
404743531790598176
574301375475744793
365066824330510337
645663601889116168
550031226342342656
211103157869084672
419828705360216064
496336853272625172
666018070313173037
496391976342650880
551112628999815190
271985856745701377
716280141638139954
253920554459856897
693070189301858395
391675640358633480
514380054571122688
689190369220493524
898063304340176928
507980994859761686
878564490646544404
267020521173024769
474118076992978954
190709824030375936
314038927860432896
480795477856485386
388748843652481024
869016057568968724
759422744873402379
678440724424818699
316928221281124353
607669409112129576
207147176390950923
670346675478462477
603025429401698304
505827621641125889
302006528402259978
239052013613088779
574308423781580801
446011724420743179
485459458961571851
679426654732419074
303592975349579778
710212703494340608
668411270872956931
201234346948952065
428140704879869952
515582317096337434
287617508180099073
322321607978778625
826173986228535316
753642264424874099
853997327043526656
641298058952310813
545160866195308556
683761950823547063
219877259849236480
521245552227254282
753280504005918731
275694865877041152
268317605981454336
442587419087470602
465953063216218122
303397889588199427
556772957146316812
474126228505362462
570596762516062218
314851385319358466
562234124652511233
673479140204347392
852878430273929247
402368555909251072
290169414853197829
314857177745719307
550572115322208256
564821462926622731
292600570961985536
408322162332794890
407282865836130304
530420629812281344
601294500337287168
660192477449551873
460858806289563649
618686934054600709
713546908106489957
803755791299510322
561899883410227200
265763871703171074
408633303344742410
450933096632811521
523799017361244181
607659939128672256
440592012287410177
419139003338719233
798994084013408266
447296215063855114
835493863480623114
707015885465976853
718045452758679584
386353757769695242
385847749033328641
285121279214747658
378171126817357826
263378663255441409
292974733866172417
402072966483017729
849305230330953739
298444136778825728
869124342070509588
693754882502557737
349555153881268236
379002629860098048
236998112885997570
651497849674268742
819206579068862504
281510767449079810
385547573206974475
255065416693448725
581811285205712937
333278946022129666
896529170878840852
888315305653325824
373601592785502208
778366034368659466
399343678260379648
349518264289722372
318467508581433367
683309560706236460
227087976516157451
520228655029288960
672894432114376713
733350541844938822
686944608454049814
779772008564654220
396031040583499788
773195039890210826
236544974668300288
865932390756777994
350970903577886721
557708308509622296
552592210957172746
356501622026928139
596723012145905832
299992117495988245
806603419115716652
409404858513227787
269857083669610496
846816078743207946
256498651705114627
557130866216665099
440115677119119360
555442865594171402
551004900390338561
131842070297051136
627608723602538536
631125142499491840
586602936151572480
397727966941020161
909212207273873409
780794037136392194
710050680009916457
491617931566907427
352418323155255297
474114581644574730
185816208594042881
724885121689190400
760203908126867498
563757875701481473
450712846620295169
484834663882555402
434079832511610902
733448150161031300
442023074062270484
780767643614969857
426426328557027339
474197395689701386
354764696676597792
279682722123743232
853363736060624927
774611210036707379
755524308473741344
402063707825242112
326481069094469633
474160519809335296
784691523064823829
404609694724915201
766745686531244053
854299021253148672
227028584538046474
633208148043497487
662249655765172244
724866941948395570
442790951828717568
808438439539507272
342291358729371648
910867928499499059
705304473723207771
300328894928781313
398493201478057995
195441910880534539
600658784590888971
483979525978324997
687322927259058222
240850043576385537
897379413547687988
252418409797517312
785504913110466580
422485212170289163
692029213997269033
785524499051184169
188344351938707467
416960044035473408
852668880584835102
865539832226381835
439440600652185631
555799157261074432
402844278528671745
505628167508066335
883616305339580477
410871155826622484
474842533592301578
282947565912195073
530392414750244906
403170061482852362
388414009868681231
681142252680249381
470160698735984640
328828485088968706
181448143353806848
236496262713704449
906235363813630023
813342868751515658
873900596518866985
718517858597863434
792013717079851048
729435765657829458
623560473492848661
803724825231228989
324594106779041803
799325238365388810
870141882372587541
391968620915326976
368700577078837250
428314470109020166
383547697166286848
445932600222023691
673583744291962880
853624454063194142
788509559421403156
852980563533889556
611843212302090261
716285035040342139
263373949373513729
781900781992804382
361103290919813120
376124996143022090
270256463828484096
768130005238022185
474121775051964417
488428343339909142
418911231429181440
443400191102550037
883332189792657418
796847650749022268
293145555276922881
474138178648014858
514154954559062078
572744654706180117
543498548881260569
453996437546598402
345560235911675914
198106371995074560
868217771991904307
899340114029850684
402719051689885706
530771404509937665
384741262932049924
276736912730095617
514193616189784085
446008153579192342
405786514077777930
668433068578570243
331826781893951500
407853916428959744
739940965162418226
477069469550641154
287578337696808961
341259054049656832
676035611882291210
794884918890856479
714181985425293353
689749695228149794
220486055021772800
269513763802185730
612083489952497694
724038415330574346
474107990413279232
676792414807130132
263074718767120384
704018654186176624
270577556271529991
785976437357805588
828031247938748436
148183003745484811
553580733109895179
434365689982353411
768493669862080535
282846423752507392
318688044523716608
636283463376437330
300236680135442452
254701831253524482
870991081955807232
376332719883288577
251049783773495307
665488917017133057
459631117473939457
382613813679226890
800111965779132446
436113592195088386
795370724796661780
670907696697835520
557548182565945370
417713401700286475
474137781401026580
434801874256920576
418411359466684442
161939699877806080
693637038834057267
589846689804845092
434225954538389514
254587454005182464
170890641432248320
396922710267133962
494186477245431828
246670194393612289
307052308611727360
507617306483097631
741236333342621710
786846118062587935
493107265490911232
400683463394590720
434324589859045380
650795964541698089
865983361989476383
542087256454856706
608968394628399114
362604743765524480
514070806163357696
672847635622658058
871848318643367977
655737300692500500
791658396352512050
548517405404692490
785452243285049344
767145921871740981
909153369799671868
729427394926084098
660744364561006594
745731296407584771
366640387688890369
695395208019443783
215957734699302913
733332278088040448
197387326668800001
420086596344479764
666294747098513418
418862887918895105
723290540010897540
853352640100302848
410914709798125569
753948208920789073
788024099065561099
648234190722301963
740495599887187969
190057412282023937
893855563442696282
886281925671677963
780692778459725884
762368499405684737
400720544032620544
384046146600828938
599567018022141992
215502133376712704
342583647750324235
381725850032144384
866985540276584468
741958499000516619
621352137317679124
539463124919517205
399290243519479812
860362373504303134
444831617270415360
836319541213528085
634397249392345090
746097963578949702
252072245680144385
757181095153369190
482911557513117698
253950481926193153
252839732449509376
660601950114545674
874081549669236838
521013060496916482
503516243328892944
156060621970997249
546949229244055562
264764117611446272
185463585055440897
469179938671427585
549326046542168080
859186056745320509
794996164932009985
900860819116544022
644606468829478916
772900287660556298
724192036701601793
752428272951754782
409059779244195840
764429295170355200
747877426213945395
474996560573366282
194661045325922304
852272890203865168
853215029323497492
696999018731143198
763317113296912404
857190327269851166
328946769176297494
310349426466095114
595567148089212928
713379600469721119
776162396510093362
780786479478997055
541719876033576975
454231244096536577
338630133000830976
612781454082048011
630119793466277898
783017008311697448
468843330076147733
280383905822015488
411975600195239956
669602049280966656
781964197507891220
667790682462879744
578575989022392341
598590487863099403
361944431936667649
474592990934073364
403985646936653824
757243311059894353
865696699455897631
731862489049858049
287245363721666561
241949588548747264
735535264084000859
480422208779321366
708371448036720711
241969408078118912
404714388365377546
715902498577186879
542112767776391170
581116265155002378
576799987296501762
309735981383286794
691748320099565649
898952232647667742
457919216310288385
740936278740041798
709859104583188581
671803904807403595
474153447550353408
428242750752948227
292483823281897475
384744637509795851
265905586741313545
292398012481929226
443753315759685632
265836324815241216
741004230319669319
895366073807937606
345514551246323712
521696112768450560
408342931070648320
521751589002936330
460497957586731030
292710765918552064
708038968985387049
810826104188174386
750457992398241802
715600724360298497
722262677279473775
492723090607046656
540252984303550488
635567303311884355
707963511250092074
488512339180781570
171708231566098433
798517774887813121
457856270943256576
846524903011778560
281487558679199744
544530468041654274
653298196491272214
834449229384646666
889248287780110386
640003923540836353
808769853200400434
422103354588790784
383615058510479362
657710728869969922
340126783473188864
569905999754952714
770205707500257282
451725478739443712
821328564619837451
789975957007892480
687266054912737310
484418129691148288
696354463170035732
659454120565932056
809106100841480242
604514406876971009
487301701586386944
429591410488901633
193654423468113920
202029331914948609
418475434217308161
426983511426203648
239749916669378560
685249853772660779
228535952635723777
741345657813467206
186541052696461315
460406161217421322
206093999306440709
826146900666875925
336797719534239745
233661150301126657
900973261955952701
474204171017388033
417393207630888961
268378551030513674
675229281034698753
419511288708726784
523527519211618305
511268620198739980
177818082339717120
802521130492756008
438712850081382420
516492742285590538
599193850183024668
474172953664159745
406173274007928842
426698734999568394
482546766257061908
507297884237070366
673318044461694997
151442416916758529
428957860903387176
331860699951136769
907177331179790346
481104081826480129
675044870372589569
317752495315353602
448567439551234049
286228837149310979
593202761751855127
769859899940405309
660832708913790976
343465595766964237
624585968913088535
302521997265469441
474301921356808202
741107119142600806
418444905732505601
796111120841572354
547905866255433758
228537642583588864
184405311681986560
614109280508968980
620534377696460831
679643572814741522
634695585508884505
411916947773587456
412347257233604609
412347553141751808
412347780841865216
793143330455420938
831250726067634217
866956216420007946
369208607126061057
792148789103951882
818570692847992902
831247139577135164
830530156048285716
529005922518040577
302050872383242240
294882584201003009
349920059549941761
557628352828014614
710486805836988507
298673420181438465
617497548743245835
499595256270946326
549514284619792392
708645572906844190
709271563110973451
715906723982082139
672822334641537041
696797815782768650
698117737175580692
685912884437581833
819778342818414632
533095070145052716
609778062292287514
742711687777484871
429305856241172480
493316754689359874
268478587651358721
402528814548254720
713586207119900693
668075833780469772
422087909634736160
845328747543789589
895730892268527677
469577775481880586
548410451818708993
890953679128100905
417375034680803328
274866991129427968
588023515010039812
889894116450762782
447478970192101376
711897529360449557
693755095417880618
545945631034703887
678708612482465793
222532094528585728
439013066756325376
853257096183021570
318127712025837568
732639530116448346
581503615135514634
908343430768386099
910038866533179433
340146959354560514
384334253548371968
